0     800/base/37.jpg        67    84  109    84   90   112   74   128  106   128
1     800/base/96.jpg        68    90  113    90   92   119   78   142  106   141
2     800/base/368.jpg       66    85  112    83   92   114   72   141  110   140
3     800/base/644.jpg       65    85  111    83   89   117   75   140  105   139
4     800/base/413.jpg       70    95  108    94   92   119   77   135  102   135
5     800/base/376.jpg       69    97  116    96   95   130   75   151  114   150
6     800/base/479.jpg       66   102  108   101   87   130   71   155  108   152
7     800/base/274.jpg       72    84  109    85   90   110   75   130  103   129
8     800/base/297.jpg       70   100  113   100   92   125   73   148  106   147
9     800/base/242.jpg       72    96  116    98   94   128   78   147  109   148
10    800/base/459.jpg       68    90  113    89   92   119   76   142  110   139
11    800/base/86.jpg        70    99  108   100   91   130   74   145  105   143
12    800/base/302.jpg       69    91  113    93   91   121   72   142  109   141
13    800/base/347.jpg       67    93  114    92   92   123   78   143  108   145
14    800/base/485.jpg       65    91  111    92   89   122   72   146  103   144
15    800/base/15.jpg        63   104  111   103   87   134   70   159  105   158
